1.102783889770507812e+02 2.002561950683593750e+01 2.501794433593750000e+01 3.942771530151367188e+01
1.102784423828125000e+02 2.002536964416503906e+01 1.063658142089843750e+01 2.388588562011718750e+02
1.102808761596679688e+02 2.002414512634277344e+01 2.032543563842773438e+01 9.715471649169921875e+01
1.102808609008789062e+02 2.002395629882812500e+01 4.044336318969726562e+00 1.654266662597656250e+02
1.102808380126953125e+02 2.002404785156250000e+01 1.105305194854736328e+00 1.603381042480468750e+02
1.102808074951171875e+02 2.002404594421386719e+01 1.433527350425720215e+00 1.816609802246093750e+02
1.102808303833007812e+02 2.002418136596679688e+01 1.812823653221130371e+00 1.284419860839843750e+02
1.102808532714843750e+02 2.002385711669921875e+01 9.253361225128173828e-01 8.991737365722656250e+01
1.102808532714843750e+02 2.002396965026855469e+01 1.117661714553833008e+00 7.440000152587890625e+01
1.102770843505859375e+02 2.002681159973144531e+01 -1.590349793434143066e+00 7.810478210449218750e+01
1.102783355712890625e+02 2.002581405639648438e+01 2.500000000000000000e+01 4.000000000000000000e+01
1.102783355712890625e+02 2.002581405639648438e+01 1.000000000000000000e+01 2.380000000000000000e+02
1.102808609008789062e+02 2.002383422851562500e+01 2.100000000000000000e+01 9.800000000000000000e+01
1.102808609008789062e+02 2.002383422851562500e+01 3.000000000000000000e+00 1.650000000000000000e+02
1.102808609008789062e+02 2.002383422851562500e+01 1.000000000000000000e+00 1.600000000000000000e+02
1.102808609008789062e+02 2.002383422851562500e+01 1.000000000000000000e+00 1.810000000000000000e+02
1.102808609008789062e+02 2.002383422851562500e+01 1.000000000000000000e+00 1.280000000000000000e+02
1.102808609008789062e+02 2.002383422851562500e+01 1.000000000000000000e+00 8.900000000000000000e+01
1.102808609008789062e+02 2.002383422851562500e+01 1.000000000000000000e+00 7.500000000000000000e+01
1.102808609008789062e+02 2.002383422851562500e+01 1.000000000000000000e+00 7.600000000000000000e+01
